,Unnamed: 0,Unnamed: 4,Popular Stats,Unnamed: 6,Unnamed: 7,Unnamed: 8,Unnamed: 9,Unnamed: 10,Three Pointers
0,NAME,MIN,PTS,REB,AST,STL,BLK,TO,3PM
1,Tyler Herro,37.00000,21.11857,6.58761,5.01076,0.87217,0.14588,3.02707,2.79406
2,Bam Adebayo,36.00000,17.18573,11.75605,3.95210,1.26656,1.01894,2.92167,0.10246
3,Keldon Johnson,36.00000,22.77956,7.12416,3.18343,1.16304,0.25375,1.49469,2.94132
4,Jimmy Butler,35.00000,18.11346,7.02639,5.14523,1.66099,0.46897,2.14976,0.60963
5,Paul George,35.00000,23.58038,6.36635,4.44155,1.76007,0.38857,3.43841,2.89756
6,Jerami Grant,35.00000,18.30410,4.68020,2.36670,1.04363,0.85766,1.53191,2.26939
7,Jalen Green,35.00000,22.95062,4.68943,3.35001,0.96208,0.28612,2.69686,2.98235
8,Nikola Jokic,35.00000,24.87973,15.15939,7.39861,1.42485,0.89493,3.65306,1.45476
9,Anfernee Simons,35.00000,19.56430,3.55445,3.99256,1.09815,0.22557,1.74978,3.46369
10,Josh Hart,34.00000,11.53495,7.34176,3.77656,1.29489,0.28260,1.92639,1.41517
11,Tre Jones,34.00000,17.18505,4.84895,8.01040,1.50277,0.21345,1.62690,0.79120
12,Caleb Martin,34.00000,12.13192,6.55302,1.86716,1.41644,0.61641,1.35263,1.44857
13,Aaron Gordon,33.00000,13.69659,6.93711,2.66313,0.64302,0.60914,1.84640,1.38681
14,Damian Lillard,33.00000,21.26701,3.94720,5.80279,0.71474,0.31435,2.37474,3.26519
15,Jamal Murray,33.00000,18.30102,4.59143,4.99606,1.13769,0.26622,2.18304,2.46407
16,Max Strus,33.00000,13.55824,4.99323,2.17464,0.67253,0.31074,1.25593,3.22387
17,Jusuf Nurkic,32.00000,13.03481,12.21405,2.89093,1.32969,0.98672,2.57016,0.21495
18,Kevin Porter,32.00000,17.30279,5.40295,6.18089,1.13273,0.34899,3.02594,2.45334
19,Bruce Brown,31.00000,11.42635,6.34329,2.66848,1.30504,0.74058,1.07167,1.02245
20,Jabari Smith,31.00000,13.66495,7.90659,2.02998,0.80705,0.71675,1.84288,1.42851
21,Kentavious Caldwell-Pope,30.00000,11.86224,3.68887,1.96564,1.03096,0.28849,1.23972,2.23983
22,Reggie Jackson,30.00000,12.01795,2.96971,4.29322,0.74970,0.18541,1.90877,1.67514
23,Alperen Sengun,30.00000,15.74335,9.67023,3.36439,0.97962,1.21259,2.63586,0.66391
24,Eric Gordon,28.00000,12.70215,2.58446,2.83156,0.51648,0.28150,1.72831,2.12333
25,Marcus Morris,28.00000,12.76039,4.90476,2.03396,0.56023,0.34628,1.17363,1.63307
26,Ivica Zubac,28.00000,10.05742,10.72550,1.46311,0.52763,1.03959,1.49699,0.05813
27,Bones Hyland,26.00000,12.97029,4.13141,3.62007,0.82935,0.34089,1.64092,2.28710
28,Malaki Branham,25.00000,9.81120,4.06207,2.30290,0.63555,0.26401,1.60012,1.07941
29,Kenyon Martin,25.00000,10.50974,5.21842,1.73469,0.53640,0.51819,0.89875,0.93615
30,Justise Winslow,25.00000,8.91573,6.02039,2.48325,1.23460,0.76036,1.41989,0.62877
31,Zach Collins,24.00000,11.92674,7.63550,3.57585,0.72590,1.02589,2.22576,0.75326
32,Victor Oladipo,24.00000,11.37901,3.65090,3.99688,0.71482,0.12976,2.12476,1.69412
33,Romeo Langford,23.00000,7.85921,3.73349,1.03526,0.75047,0.42422,0.58390,1.05024
34,Amir Coffey,22.00000,7.93977,2.84443,1.56739,0.49769,0.21067,0.59708,1.13510
35,Josh Richardson,22.00000,10.43350,2.94379,2.19045,0.88125,0.34325,1.00512,1.65228
36,John Wall,22.00000,10.02427,2.80919,4.51269,0.72054,0.49298,2.07646,0.90917
37,Tari Eason,21.00000,8.78949,5.05777,0.91093,0.83528,0.59729,1.24734,0.87349
38,Charles Bassey,20.00000,9.47027,8.06559,1.19313,0.67970,1.69688,1.08277,0.05889
39,Robert Covington,20.00000,6.39872,4.43428,1.03847,0.95153,0.82812,0.75402,1.15893
40,Luke Kennard,20.00000,7.66466,2.59165,1.58135,0.46994,0.08034,0.63032,1.57237
41,Doug McDermott,20.00000,10.50054,2.41901,1.82839,0.33851,0.14141,0.92025,2.34556
42,Nicolas Batum,19.00000,5.80887,3.20833,1.19468,0.64864,0.44851,0.50383,1.12422
43,Jeff Green,18.00000,7.49799,2.79527,1.03953,0.29778,0.28435,0.74034,0.67935
44,Duncan Robinson,17.00000,6.83688,2.12150,1.20064,0.38805,0.12317,0.54432,1.74196
45,Shaedon Sharpe,17.00000,6.80749,2.24688,1.21234,0.39758,0.33151,1.00035,1.00926
46,Moussa Diabate,15.00000,7.40640,5.49414,0.97322,0.33539,0.55858,0.84642,0.42233
47,Usman Garuba,15.00000,3.59210,5.84196,1.18920,0.56967,0.61519,0.43154,0.34977
48,Alize Johnson,15.00000,4.70058,5.60312,1.17210,0.50924,0.06042,1.11958,0.12804
49,Isaiah Roby,15.00000,7.27059,3.53168,1.41612,0.57639,0.43761,0.69958,0.66013
50,Trendon Watford,15.00000,5.94906,3.54161,1.30078,0.49874,0.45040,0.70098,0.24664
51,Drew Eubanks,14.00000,5.65912,4.41941,0.91672,0.39067,0.32324,0.83790,0.08844
52,Daishen Nix,13.00000,4.37913,2.01118,2.21703,0.68744,0.02330,1.22037,0.42253
53,Zeke Nnaji,13.00000,5.31878,3.02850,0.44021,0.30434,0.24642,0.47526,0.78439
54,Haywood Highsmith,12.00000,3.17088,2.23065,0.55129,0.18740,0.18742,0.26946,0.61663
55,Nikola Jovic,12.00000,5.48398,4.58493,0.85576,0.25277,0.40239,0.75539,0.37001
56,Vlatko Cancar,10.00000,3.66269,1.93902,0.95223,0.14544,0.14786,0.49917,0.50456
57,Garrison Mathews,10.00000,4.05471,1.35754,0.49505,0.32264,0.12887,0.27653,0.83187
58,Christian Braun,6.00000,2.51154,1.27082,0.42109,0.26134,0.10551,0.36139,0.25961
59,Gorgui Dieng,6.00000,2.90117,2.21943,0.69234,0.20328,0.20509,0.35938,0.47241
60,Ish Smith,5.00000,1.70510,0.63163,1.03093,0.13811,0.10200,0.47349,0.12274
61,Moses Brown,2.00000,0.96311,0.83943,0.02326,0.04055,0.08483,0.10548,0.00415
62,Ibou Badji,0.00000,0.00000,0.00000,0.00000,0.00000,0.00000,0.00000,0.00000
63,Dominick Barlow,0.00000,0.00000,0.00000,0.00000,0.00000,0.00000,0.00000,0.00000
64,Keita Bates-Diop,0.00000,0.00000,0.00000,0.00000,0.00000,0.00000,0.00000,0.00000
65,Brandon Boston,0.00000,0.00000,0.00000,0.00000,0.00000,0.00000,0.00000,0.00000
66,Greg Brown,0.00000,0.00000,0.00000,0.00000,0.00000,0.00000,0.00000,0.00000
67,John Butler,0.00000,0.00000,0.00000,0.00000,0.00000,0.00000,0.00000,0.00000
68,Jamal Cain,0.00000,0.00000,0.00000,0.00000,0.00000,0.00000,0.00000,0.00000
69,Josh Christopher,0.00000,0.00000,0.00000,0.00000,0.00000,0.00000,0.00000,0.00000
70,Dewayne Dedmon,0.00000,0.00000,0.00000,0.00000,0.00000,0.00000,0.00000,0.00000
71,Bruno Fernando,0.00000,0.00000,0.00000,0.00000,0.00000,0.00000,0.00000,0.00000
72,Udonis Haslem,0.00000,0.00000,0.00000,0.00000,0.00000,0.00000,0.00000,0.00000
73,Trevor Hudgins,0.00000,0.00000,0.00000,0.00000,0.00000,0.00000,0.00000,0.00000
74,Keon Johnson,0.00000,0.00000,0.00000,0.00000,0.00000,0.00000,0.00000,0.00000
75,DeAndre Jordan,0.00000,0.00000,0.00000,0.00000,0.00000,0.00000,0.00000,0.00000
76,Kawhi Leonard,0.00000,0.00000,0.00000,0.00000,0.00000,0.00000,0.00000,0.00000
77,Nassir Little,0.00000,0.00000,0.00000,0.00000,0.00000,0.00000,0.00000,0.00000
78,Kyle Lowry,0.00000,0.00000,0.00000,0.00000,0.00000,0.00000,0.00000,0.00000
79,Terance Mann,0.00000,0.00000,0.00000,0.00000,0.00000,0.00000,0.00000,0.00000
80,Boban Marjanovic,0.00000,0.00000,0.00000,0.00000,0.00000,0.00000,0.00000,0.00000
81,Gary Payton,0.00000,0.00000,0.00000,0.00000,0.00000,0.00000,0.00000,0.00000
82,Jakob Poeltl,0.00000,0.00000,0.00000,0.00000,0.00000,0.00000,0.00000,0.00000
83,Michael Porter,0.00000,0.00000,0.00000,0.00000,0.00000,0.00000,0.00000,0.00000
84,Norman Powell,0.00000,0.00000,0.00000,0.00000,0.00000,0.00000,0.00000,0.00000
85,Jason Preston,0.00000,0.00000,0.00000,0.00000,0.00000,0.00000,0.00000,0.00000
86,Davon Reed,0.00000,0.00000,0.00000,0.00000,0.00000,0.00000,0.00000,0.00000
87,Dru Smith,0.00000,0.00000,0.00000,0.00000,0.00000,0.00000,0.00000,0.00000
88,Jeremy Sochan,0.00000,0.00000,0.00000,0.00000,0.00000,0.00000,0.00000,0.00000
89,Jae'Sean Tate,0.00000,0.00000,0.00000,0.00000,0.00000,0.00000,0.00000,0.00000
90,Devin Vassell,0.00000,0.00000,0.00000,0.00000,0.00000,0.00000,0.00000,0.00000
91,Gabe Vincent,0.00000,0.00000,0.00000,0.00000,0.00000,0.00000,0.00000,0.00000
92,Jabari Walker,0.00000,0.00000,0.00000,0.00000,0.00000,0.00000,0.00000,0.00000
93,TyTy Washington,0.00000,0.00000,0.00000,0.00000,0.00000,0.00000,0.00000,0.00000
94,Peyton Watson,0.00000,0.00000,0.00000,0.00000,0.00000,0.00000,0.00000,0.00000
95,Blake Wesley,0.00000,0.00000,0.00000,0.00000,0.00000,0.00000,0.00000,0.00000
96,Jack White,0.00000,0.00000,0.00000,0.00000,0.00000,0.00000,0.00000,0.00000
97,Omer Yurtseven,0.00000,0.00000,0.00000,0.00000,0.00000,0.00000,0.00000,0.00000
