,Unnamed: 0,Unnamed: 3,Popular Stats,Unnamed: 5,Unnamed: 6,Unnamed: 7,Unnamed: 8,Unnamed: 9,Unnamed: 12
0,Player,Min,PTS,REB,AST,STL,BLK,3PM,TO
1,Breanna Stewart,35.0,25.1,11.0,3.7,1.6,1.4,1.7,2.1
2,Arike Ogunbowale,36.0,24.2,3.9,4.3,1.7,0.2,2.5,2.7
3,Kelsey Mitchell,35.0,22.7,2.8,3.0,0.8,0.0,2.4,2.2
4,Sabrina Ionescu,32.0,21.3,6.3,4.8,1.0,0.3,2.7,2.6
5,Natasha Howard,35.0,19.4,9.8,1.9,1.3,1.4,1.2,2.7
6,Aliyah Boston,36.0,18.6,14.7,2.5,1.1,1.2,0.1,2.2
7,Brittney Sykes,31.0,18.4,5.5,4.0,2.1,0.3,1.3,2.5
8,Satou Sabally,29.0,17.0,8.9,2.7,1.4,0.3,1.4,2.3
9,Natasha Cloud,32.0,15.5,3.9,6.4,1.0,0.3,1.1,2.6
10,Tianna Hawkins,32.0,14.5,8.3,2.3,0.9,0.6,0.7,1.9
11,Betnijah Laney,31.0,13.9,3.8,2.4,0.9,0.1,1.3,1.9
12,Jonquel Jones,27.0,13.4,8.1,1.7,0.7,1.5,0.8,2.5
13,Courtney Vandersloot,32.0,12.7,4.3,7.6,1.4,0.7,0.7,3.0
14,Crystal Dangerfield,32.0,12.5,4.4,3.3,1.0,0.3,1.2,1.3
15,Erica Wheeler,29.0,12.4,4.0,4.8,0.8,0.1,0.9,1.8
16,Li Meng,19.0,11.6,2.3,1.1,0.5,0.1,1.7,0.8
17,Teaira McCowan,30.0,11.4,10.5,1.5,1.0,1.1,0.0,1.8
18,Shatori Walker-Kimbrough,29.0,11.3,3.2,2.3,0.9,0.5,1.0,0.8
19,Myisha Hines-Allen,22.0,11.2,4.8,1.3,1.1,0.2,1.0,1.6
20,Kristy Wallace,23.0,10.2,3.8,2.1,0.7,0.3,0.9,1.8
21,Victoria Vivians,21.0,8.3,5.1,1.8,0.9,0.1,0.9,1.3
22,Marine Johannes,16.0,8.0,1.5,1.6,0.6,0.0,1.0,1.1
23,Queen Egbo,20.0,7.9,8.5,0.7,0.3,1.4,0.0,1.5
24,Grace Berger,15.0,5.9,2.3,2.0,0.6,0.2,0.4,1.3
25,Maya Caldwell,20.0,5.7,1.9,1.5,0.5,0.2,0.5,1.4
26,Kayla Thornton,14.0,5.3,3.1,0.5,0.6,0.3,0.5,0.4
27,Amanda Zahui B.,16.0,5.3,4.2,0.6,0.4,0.7,0.4,1.2
28,Nyara Sabally,13.0,5.1,4.0,0.3,0.2,0.5,0.2,0.9
29,Odyssey Sims,16.0,4.4,1.8,3.1,0.5,0.0,0.3,0.8
30,Linnae Harper,10.0,4.0,1.1,0.4,0.3,0.0,0.3,0.3
31,Kalani Brown,10.0,3.7,3.6,0.5,0.2,0.5,0.0,0.8
32,Emma Cannon,5.0,3.4,2.3,0.2,0.0,0.0,0.2,0.4
33,Cyesha Goree,5.0,2.5,1.0,0.5,0.2,0.1,0.3,0.3
34,Veronica Burton,7.0,1.6,1.0,1.0,0.3,0.2,0.2,0.3
35,Maddy Siegrist,3.0,1.2,0.7,0.1,0.1,0.1,0.0,0.1
36,Awak Kuier,2.0,0.4,0.5,0.1,0.1,0.1,0.0,0.1
37,Jocelyn Willoughby,0.0,0.0,0.0,0.0,0.0,0.0,0.0,0.0
38,Lou Lopez Senechal,0.0,0.0,0.0,0.0,0.0,0.0,0.0,0.0
39,Victaria Saxton,0.0,0.0,0.0,0.0,0.0,0.0,0.0,0.0
40,Han Xu,0.0,0.0,0.0,0.0,0.0,0.0,0.0,0.0
41,Stefanie Dolson,0.0,0.0,0.0,0.0,0.0,0.0,0.0,0.0
42,Diamond DeShields,0.0,0.0,0.0,0.0,0.0,0.0,0.0,0.0
43,Kristi Toliver,0.0,0.0,0.0,0.0,0.0,0.0,0.0,0.0
44,Elena Delle Donne,0.0,0.0,0.0,0.0,0.0,0.0,0.0,0.0
45,Ariel Atkins,0.0,0.0,0.0,0.0,0.0,0.0,0.0,0.0
46,NaLyssa Smith,0.0,0.0,0.0,0.0,0.0,0.0,0.0,0.0
47,Shakira Austin,0.0,0.0,0.0,0.0,0.0,0.0,0.0,0.0
48,Lexie Hull,0.0,0.0,0.0,0.0,0.0,0.0,0.0,0.0
